43.697291666666665 2.2235333333333336
43.697291666666665 2.2235305555555556
43.69714722222222 2.2236583333333333
43.69747777777778 2.2234194444444446
43.69748055555555 2.2234194444444446
43.69744166666666 2.223491666666667
43.69744166666666 2.223488888888889
43.69744166666666 2.223488888888889
43.697336111111106 2.224013888888889
43.697336111111106 2.224013888888889
43.69683611111111 2.2238694444444445
43.69683611111111 2.2238861111111112
43.696977777777775 2.223213888888889
43.69698888888889 2.2232861111111113
43.69679166666666 2.223577777777778
43.69703333333333 2.2236555555555557
43.69638055555555 2.22345
43.696844444444444 2.223613888888889
43.69726111111111 2.2228805555555557
43.69727222222222 2.2240111111111114
43.6973 2.2238972222222224
43.69731944444444 2.2238277777777777
43.69734444444444 2.2237222222222224
43.69736388888889 2.2236527777777777
43.69739444444444 2.2235444444444448
43.69741111111111 2.223475
43.69732777777777 2.223427777777778
43.69730833333333 2.2235055555555556
43.697288888888885 2.223580555555556
43.697263888888884 2.2236805555555557
43.69724444444444 2.2237472222222223
43.69721666666666 2.22385
43.69718611111111 2.2239500000000003
43.697177777777775 2.2239833333333334
43.69709444444444 2.223911111111111
43.697113888888886 2.2238361111111113
43.69713333333333 2.2237666666666667
43.69716111111111 2.2236611111111113
43.69718888888889 2.2235555555555555
43.69720833333333 2.2234833333333333
43.69723611111111 2.223377777777778
43.69724444444444 2.2233444444444443
43.69715833333333 2.2232944444444445
43.69713055555555 2.223405555555556
43.697111111111106 2.223477777777778
43.69708333333333 2.2235833333333335
43.697063888888884 2.2236583333333333
43.69703888888888 2.2237666666666667
43.69701111111111 2.2238694444444445
43.696999999999996 2.2239055555555556
43.696913888888886 2.2238361111111113
43.69693333333333 2.223763888888889
43.696952777777774 2.2236944444444444
43.696980555555555 2.223588888888889
43.696997222222215 2.2235194444444444
43.697025 2.223413888888889
43.697044444444444 2.2233444444444443
43.69707222222222 2.223238888888889
43.69709722222222 2.2232000000000003
43.69706944444444 2.223205555555556
43.69705277777778 2.2232083333333335
43.69703611111111 2.223213888888889
43.69701944444444 2.2232194444444446
43.69699444444444 2.2232333333333334
43.696980555555555 2.2232444444444446
43.696949999999994 2.223266666666667
43.69693611111111 2.2232805555555557
43.69690833333333 2.2233083333333337
43.69688333333333 2.2233444444444443
43.696866666666665 2.2233750000000003
43.696844444444444 2.2234166666666666
43.69683055555555 2.2234583333333333
43.69681388888888 2.223527777777778
43.69681111111111 2.22355
43.69680555555555 2.2236000000000002
43.69680555555555 2.2236361111111114
43.69680833333333 2.2236833333333332
43.69680833333333 2.2237472222222223
43.69680555555555 2.223786111111111
43.69681388888888 2.2238194444444446
43.69683055555555 2.223863888888889
43.69685 2.2239
43.69687222222222 2.223936111111111
43.69689722222222 2.2239694444444447
43.69692222222222 2.224
43.69694722222222 2.224022222222222
43.696977777777775 2.2240472222222225
43.69699444444444 2.2240555555555557
43.69702777777778 2.2240694444444444
43.69706111111111 2.2240805555555556
43.697086111111105 2.2240833333333336
43.697111111111106 2.224086111111111
43.69715833333333 2.2240833333333336
43.69719166666666 2.224075
43.69721944444444 2.224063888888889
43.69725277777778 2.2240444444444445
43.69727777777778 2.2240277777777777
43.6973 2.2240083333333334
43.69732777777777 2.223977777777778
43.69734722222222 2.223952777777778
43.69736666666666 2.223925
43.697377777777774 2.2239055555555556
43.697402777777775 2.2238583333333333
43.69740833333333 2.2238361111111113
43.697427777777776 2.223780555555556
43.69743611111111 2.223736111111111
43.69744166666666 2.223702777777778
43.69744444444444 2.223663888888889
43.69744444444444 2.2236000000000002
43.69744166666666 2.2235750000000003
43.69743333333333 2.223511111111111
43.69742222222222 2.223463888888889
43.69740833333333 2.2234166666666666
43.69739444444444 2.2233833333333335
43.697377777777774 2.223352777777778
43.69735555555555 2.223313888888889
43.697336111111106 2.223288888888889
43.697313888888885 2.223263888888889
43.697286111111104 2.2232361111111114
43.69725555555555 2.223213888888889
43.69723333333333 2.2232000000000003
43.69720833333333 2.223188888888889
43.69717222222222 2.223177777777778
43.69714444444444 2.2231722222222223
43.697116666666666 2.2231722222222223
43.69708333333333 2.223175
43.697113888888886 2.2235722222222223
43.697113888888886 2.2235722222222223
43.697113888888886 2.2235722222222223
43.697111111111106 2.223580555555556
43.69710555555555 2.2236083333333334
43.6971 2.2236361111111114
43.6971 2.2236361111111114
43.69709444444444 2.2236583333333333
43.697086111111105 2.2236972222222224
43.697075 2.223738888888889
43.69706111111111 2.2238111111111114
43.69706111111111 2.2238611111111113
43.69721388888888 2.223622222222222
43.69721388888888 2.2236166666666666
43.69721388888888 2.2236166666666666
43.69721388888888 2.2236166666666666
43.69717222222222 2.2236000000000002
43.69717222222222 2.2236000000000002
43.69716666666666 2.223602777777778
43.69716388888889 2.223577777777778
43.69716111111111 2.223577777777778
43.69721944444444 2.223577777777778
43.69721944444444 2.2235750000000003
43.697222222222216 2.2235750000000003
43.697222222222216 2.2235750000000003
43.69725833333333 2.223577777777778
43.69725833333333 2.2235750000000003
43.69725833333333 2.2235750000000003
43.69725833333333 2.2235750000000003
43.69725277777778 2.2235972222222222
43.69726111111111 2.2235972222222222
43.697199999999995 2.223763888888889
43.697202777777775 2.223763888888889
43.697199999999995 2.2237722222222223
43.697199999999995 2.2237722222222223
43.697199999999995 2.2237694444444447
43.697202777777775 2.223725
43.697202777777775 2.223725
43.697202777777775 2.2237222222222224
43.69716388888889 2.223777777777778
43.697180555555555 2.2238194444444446
43.697180555555555 2.2238194444444446
43.697180555555555 2.2238194444444446
43.697180555555555 2.2238194444444446
43.697180555555555 2.2238194444444446
43.697180555555555 2.223822222222222
43.69725 2.2234722222222225
43.69724444444444 2.2234444444444446
43.69724166666666 2.2234944444444444
43.69723888888888 2.223488888888889
43.69724722222222 2.2234611111111113
43.69725833333333 2.2234333333333334
43.69711944444444 2.223430555555556
43.697116666666666 2.223402777777778
43.697113888888886 2.223466666666667
43.697111111111106 2.2234333333333334
43.697116666666666 2.2234000000000003
43.697111111111106 2.2234583333333333
43.69721111111111 2.223438888888889
43.69721111111111 2.2234333333333334
43.69721111111111 2.223438888888889
43.69723055555555 2.223438888888889
43.697227777777776 2.223441666666667
43.69723055555555 2.223441666666667
43.697266666666664 2.2234527777777777
43.697269444444444 2.2234527777777777
43.697269444444444 2.2234555555555557
43.69735 2.2234611111111113
43.69735277777777 2.223463888888889
43.69735833333333 2.223463888888889
43.69738333333333 2.2235194444444444
43.69738333333333 2.223516666666667
43.69738611111111 2.2235222222222224
43.69737222222222 2.223638888888889
43.697374999999994 2.223641666666667
43.697374999999994 2.223641666666667
43.69737222222222 2.223641666666667
43.697377777777774 2.2236972222222224
43.697377777777774 2.2237
43.697380555555554 2.2237083333333336
43.69736388888889 2.2237666666666667
43.69736111111111 2.223763888888889
43.69736388888889 2.223761111111111
43.69736111111111 2.223777777777778
43.697338888888886 2.223816666666667
43.69734166666667 2.223813888888889
43.69734444444444 2.2238083333333334
43.69734722222222 2.223805555555556
43.697311111111105 2.2237750000000003
43.69730555555555 2.2237750000000003
43.69730277777777 2.2239
43.6973 2.2239
43.6973 2.2238944444444444
43.69727222222222 2.223927777777778
43.69725833333333 2.2239083333333336
43.69730277777777 2.223927777777778
43.69730277777777 2.2239305555555555
43.697275 2.2239666666666666
43.69727222222222 2.2239694444444447
43.697266666666664 2.2239583333333335
43.69724722222222 2.224038888888889
43.69724444444444 2.2240361111111113
43.69724722222222 2.224038888888889
43.696675 2.223525
43.69678611111111 2.223513888888889
